function tyty = testvect()
    tyty=[0.6372406954454819, 0.6963681510833141, 0.7514118975945497, 0.8006564673084341, 0.8426834060063781, 0.8763437914718095, 0.9008933138499567, 0.9159976000250031, 0.9217967201034285, 0.9188717207866788, 0.9082085658455022, 0.8911527087542704, 0.8693422431309743, 0.8445777021115904, 0.8187343187307929, 0.7936808331162399, 0.7711051656893778, 0.752532835236702, 0.7391846315342295, 0.7319497609373741, 0.7313217966883664, 0.7373997500195841, 0.7498628304205983, 0.7679967105575126, 0.7908208306973422, 0.8169885541946189, 0.8450176043945182, 0.8733658659341027, 0.9005127802250854, 0.9251498171454999, 0.9460934655688812, 0.9624315752321951, 0.9735891554029908, 0.979314720214297, 0.9797053389245576, 0.9750613658431216, 0.9658910431989887, 0.9530283157399508, 0.9373705128272487, 0.9198776497823247, 0.9014338447624635, 0.882944607415853, 0.8650966666110812, 0.8484801624962645, 0.8333473294630138, 0.8198107916768621, 0.8077273827292941, 0.796745879125565, 0.7863797657660476, 0.7759701452774505, 0.7648978821483051, 0.7524961817549799, 0.7381111454394881, 0.7212468100917757, 0.7014622576766832, 0.6785015301679485, 0.6521321219650706, 0.6222882831368806, 0.5890543481227186, 0.5526002532366832, 0.5132095101828836, 0.4712824592632816, 0.42728572455002267, 0.3818760478727776, 0.3356868876003102, 0.28949424365109044, 0.24409849309674528, 0.20034523345091487, 0.15915506773263668, 0.12143989961037191, 0.0880870083686682, 0.06004553386926683, 0.03816631378376977, 0.02326682982381616, 0.016043539328469646, 0.01696765687016835, 0.02631401847833573, 0.04415802571931503, 0.07036355298237325, 0.10440242015286597, 0.1454337731623455, 0.1924946515486075, 0.24445624045484754, 0.30002173530104786, 0.35763467977332564, 0.41575522839017925, 0.4729159439323305, 0.5277576561814665, 0.5789030693327634, 0.6251948992942014, 0.6656826158900724, 0.6996956550098133, 0.726795404888726, 0.7467951087552914, 0.7596891652462381, 0.7657646130205938, 0.7654876957523871, 0.7594416015673622, 0.7483500968859849, 0.7329964501739878, 0.7142337520776532, 0.6928737505520127, 0.6697019016569851, 0.6455052968208521, 0.6209355638418262, 0.596599336493413, 0.5730516799476376, 0.5506862744456553, 0.529866243402011, 0.5108150033893302, 0.4936951388549126, 0.4785398194209501, 0.46533489746941986, 0.4539666493686398, 0.44425350502987604, 0.435968249886051, 0.42892264002786, 0.4228176166348659, 0.4174073866628212, 0.4124509888039754, 0.4077258768145901, 0.4030706103109357, 0.3983203445274021, 0.39338495460979594, 0.3882196132508637, 0.3828236834570379, 0.37723491430140743, 0.37151942992731724, 0.3657583053429998, 0.36003162976440833, 0.35443391150179004, 0.348985019313675, 0.343752195478631, 0.33869240500390063, 0.33381149263182214, 0.32904434902091334, 0.32431430898945246, 0.31959282787382887, 0.3148126876633087, 0.3099541755003595, 0.305053117507328, 0.3001288908417431, 0.29531304402695213, 0.2906867803879714, 0.28642384240707, 0.28264428201542435, 0.27947292740384927, 0.2769909715950234, 0.2751879072714597, 0.27402077651680723, 0.27333451558288197, 0.2728633444435008, 0.2723148700952197, 0.2713201587068493, 0.26949882746188014, 0.2665014094067142, 0.26202665152887716, 0.2559140894606125, 0.24816270555187145, 0.23891130615870704, 0.22855356944185687, 0.21766227807745786, 0.20703522538029087, 0.19758882098594857, 0.19041471459327863, 0.18664554567052458, 0.18744358800598918, 0.19390017157358125, 0.20694277560865043, 0.2273320846958952, 0.2554710572607423, 0.2914463711876339, 0.3349786676643392, 0.38536296454688834, 0.4414835076582901, 0.501893361176249, 0.5648525919277271, 0.6284780527953214, 0.6906883227900322, 0.7494633607671791, 0.8028573623834481, 0.8491656941613576, 0.8870100633126566, 0.9153504112552594, 0.9336350357968128, 0.94182023620853, 0.940341367531085, 0.9301585729286937, 0.9126177309685383, 0.8894343964432047, 0.862581337283448, 0.8341468840892514, 0.806210132626555, 0.7807732803495266, 0.7595800957999539, 0.7441038796936352, 0.7354165972514133, 0.7341298967185851, 0.7404003317060093, 0.7538614571938127, 0.7736917719118402, 0.7987194521041543, 0.8274389400192732, 0.8580915737944071, 0.8888780597823684, 0.9181123402284929, 0.9443435937566599, 0.9662563471677325, 0.9829024278042746, 0.9936908735922013, 0.9985035003910873, 0.9974636096667453, 0.9909692015031072, 0.9797005145176407, 0.9645605442428414, 0.9465666000805059, 0.9267095147387384, 0.9059680842795278, 0.8852191709261689, 0.8651655819856932, 0.8463394894968184, 0.8289662027190272, 0.8130676112537565, 0.7985341810985417, 0.784987091123517, 0.7720160293240812, 0.7591112789630802, 0.7458005307425749, 0.7315933479982438, 0.7161535185961929, 0.6991638396961354, 0.6804657485152128, 0.6599023651586011, 0.6373783637705173, 0.6129022523769393, 0.5864236975410332, 0.5579401745836927, 0.5274046097751753, 0.4947714634324753, 0.46009001591474485, 0.4233820211839945, 0.38475149299599937, 0.3444419304156685, 0.30281266295106385, 0.2603833113416419, 0.21784295853843372, 0.17605778983534492, 0.13601700821998886, 0.0989063748153724, 0.06591909971899793, 0.03833922957345747, 0.01741421836917962, 0.0043067588695101175, 0.0, 0.0051570383050619775, 0.020149340481130335, 0.045014913937480784, 0.0794046873665167, 0.12255394146663659, 0.17317045902099673, 0.22982855907624666, 0.2908889519241661, 0.35450807747342955, 0.4186960487746061, 0.481482082513183, 0.5411162015654731, 0.596095750508608, 0.6450477209948196, 0.6869292931466285, 0.7209978895319223, 0.7469673656336482, 0.7648347078404151, 0.7748156299871202, 0.7774688276738555, 0.7734658233364329, 0.7637569548216884, 0.7492494205913693, 0.7309766505682884, 0.7098778644027681, 0.6868774258122653, 0.6628018104327058, 0.6383425695077349, 0.6140715514265721, 0.590465902944199, 0.5678987562289425, 0.5465969643707562, 0.5267659683291429, 0.5085070409388806, 0.4918256771908524, 0.4767417598226712, 0.4631953689585438, 0.45106677075843965, 0.44024750857268197, 0.430589862266633, 0.42195853495727015, 0.4142250585807062, 0.407222211781215, 0.4008081126067079, 0.39488808656638763, 0.38932040284575486, 0.38402729942555125, 0.37889249036904243, 0.3738966910843958, 0.36893470825704744, 0.3640482057564027, 0.35916518889208066, 0.3542978702031702, 0.349426224527725, 0.3445517615183481, 0.3396151282570617, 0.33462486227319227, 0.32950527478925984, 0.32425867442911344, 0.3188449333257834, 0.31326860936810974, 0.30755754241427613, 0.3017681559675994, 0.29601610152582764, 0.29039454939748066, 0.28509449326036596, 0.2802362824321025, 0.2760101898331259, 0.27249997515881813, 0.26978815766594905, 0.2678868776732559, 0.2666743385626313, 0.2659833047935982, 0.2655534941993502, 0.2650254417432509, 0.2640157646542094, 0.2621279252944176, 0.2590006026139238, 0.25435823980627276, 0.24806048952780688, 0.24011383587236773, 0.2307782724036512, 0.22048405214812958, 0.2098782131430102, 0.19982252708788636, 0.19133571727298665, 0.1854891466553296, 0.18346780819055855, 0.18637071148523057, 0.19523957865237163, 0.21092215997874092, 0.23403053444567784, 0.2648274797974582, 0.30324056822797757, 0.34881219359956767, 0.4006624834671533, 0.45760675799232975, 0.5180429100127044, 0.5802570379361975, 0.642395102952685, 0.7025283062966449, 0.7588172983991098, 0.8095928110205977, 0.8533954995542773, 0.8891443101829556, 0.9160414515208243, 0.9337370569193735, 0.9423172748216714, 0.9422422555137242, 0.9344336475498883, 0.920076862473685, 0.9006877188893175, 0.8779079238418959, 0.8534790123040118, 0.8291133951633998, 0.8064354452324657, 0.7868601203915667, 0.771589924846353, 0.761519205809955, 0.7572124244571413, 0.7588954159490111, 0.7664147573434316, 0.7792538638484373, 0.7966530942622995, 0.8175239146120044, 0.8406275441071293, 0.8645990505875643, 0.8880743159788846, 0.9098296169621638, 0.9287760938378419, 0.9439756335511612, 0.9547730029100395, 0.9608083710202878, 0.9620544914507144, 0.9586711416765996, 0.9510095204929234, 0.9397089673063242, 0.9255615242640581, 0.9094210822364687, 0.8921105063748526, 0.8744670659840991, 